1000569
1001994
1002339
1002672
1003110
100379
1004836
1006
1006005
1007084
1007104
1007105
100716
1008460
101031
10116
1014
101534
1017
1018
1019
102148
102684
1027
102862
1032527
1033846
1033854
103618
103621
1036674
103690
104
104176
1042156
1042877
104628
1048758
1049
1053
1055487
105560
105841
106
1061
1063
106370
106588
106590
106654
1069
1076
107709
108
108150
1085
1092
1094
1096
1097
1097668
109790
1100
1102
110321
1104324
110500
110539
110662
1108
1111069
111501
1116375
111955
1124597
1126
1131
113107
1131703
1131707
113287
114186
114615
114616
1147159
1148
1148157
114881
1155739
115778
116085
1161942
1164
1172
117207
1175445
1176649
118000
1184387
118562
118748
119
119219
119394
119484
119532
119864
120
1203471
1206
120962
121277
1217908
1219
122
1229
1231
123841
124
1244
1245
1246
1247
1249
125
1251
1254
1255
1260
1261
1263
126385
1264
1265
1270
1276
128
1280
1281
1282
1283
1290
1292
1299
129910
129958
1302
1303
1304
1305
1307
1308
1309
1311
1313
1314
131568
1317
1318
1322
1328
132919
1333
1334
133448
1335
133539
1336
13373
1339
133926
1340
1343
134676
1348
134821
1349
135080
135083
1351
1352
1353
135487
135577
1358
136094
136241
1363
136609
137591
1376
13769
1377
137722
13773
137732
1379
138072
138073
138074
1382
1383
139
1390
1392
139208
1393
1396
1398
14
140
1402
1404
1406
1408
1413
142
1421
1423
1426
143361
1452
145262
145263
1465
146786
146826
146919
146939
147206
147207
147268
147802
148447
1488
148813
149016
1491
1492
1493
149715
1502
150829
1509
1512
151276
1513
1515
1517
151895
1520
1521
152260
152480
1525
152500
152794
1534
1535
1538
153845
153948
154
1542
154288
1547
155077
155863
155892
155978
1563
1565
156578
156586
156974
157268
1575
157673
157688
157692
1579
158
1580
158080
1581
1582
158327
1584
1587
1588
158836
158850
158899
159
1590
1596
159743
1598
1599
160232
160233
1604
1605
160791
160808
1610
1612
1613
1614
161493
161528
161879
161889
162
1623
1624
1625
1631
163164
1632
1633
163665
1638
1639
1640
1641
1642
1643
164451
164514
164546
1646
1648
165096
165179
1656
1660
166314
1664159
166486
166501
167
167642
167964
167965
1680
1681
1683
168384
168471
1685
1686
168695
168697
1689
168933
169292
169435
1697
1703
170652
1708
1711
171279
171695
1717
1718
1719
172
172049
1727
172901
173
173365
173480
1735
1736
174
1744
1747
175696
1757
1763
1764
1768
1769
1772
177758
177972
1781
179636
180281
1804
180542
181486
181663
181675
182210
182337
182640
182710
1833
1836
184064
184117
184917
1852
185300
1859
185978
1861
186189
186192
186490
186928
187137
187304
187326
187327
187452
187878
1883
188626
1888
189385
189722
19
1901
190892
190893
1911
1912
191495
191579
1916
191768
191863
192
192073
192843
193
1930
1938
195
196
196162
196795
196818
197
197162
198252
199
199596
200
2001
2006
201
2014
2020
2021
202747
203
2033
2039
203907
204
204038
204042
2047
204773
2051
2052
2054
2057
2061
2066
207949
207954
208216
208226
208479
208596
208962
2096
2097
2098
2099
210
2100
2102
2104
2107
2109
2110
2111
2115
2118
212
2123
213
2130
214
2148
214851
214853
2151
215591
215813
216465
216816
217
217159
2173
217511
2176
2180
218538
2187
2188
2189
2190
219305
219314
2198
2203
2208
2209
221066
221359
221360
2214
2223
2224
2234
2238
223967
2242
2246
2247
225194
225324
225422
2257
2261
2269
2271
2275
2277
227943
227945
228
2280
2285
228604
2287
228745
229545
2296
230105
2303
2317
2320
2322
232348
232363
2331
2336
2337
234827
234831
2350
2352
236097
236100
2371
2374
237576
237727
2384
239935
24
240495
2421
2424
2426
242703
242750
2434
244366
244596
244787
245014
245188
246144
246969
247633
247634
247639
248026
249188
250
251535
251701
252302
252307
252966
253239
253245
253839
256618
256701
256847
257758
258
258224
258255
259354
259537
261292
261302
261685
261964
263
263437
264
265606
266
266009
266779
267212
267818
269261
2702
270374
271
271097
271098
2718
272131
2724
273376
2734
2736
274
2743
274539
2746
274854
277
280
28025
28026
28031
28035
28037
28049
28080
28090
28095
28108
28110
28111
28112
281120
28116
28117
28118
28123
28124
28125
28126
28127
28129
28130
28132
28133
28134
28135
28136
28137
28141
28151
28172
28175
28187
28188
281920
28197
28199
28227
28229
28232
282402
28262
28264
283734
283811
284016
28447
28448
28449
28450
285
285530
286802
286804
287
288
288000
288965
28901
28903
290053
290399
290400
291048
291112
291183
291990
292414
29291
29292
293
29303
293091
29322
29329
29347
29348
29360
29362
29385
29388
29391
294
29405
29430
29438
29449
29459
29466
29471
29488
29494
29497
29498
29501
29518
29519
29543
29546
29549
29575
296591
296745
298653
298654
300
300231
301301
301375
303
304895
305
309120
309805
309806
309887
310297
310298
310514
310783
311400
312284
312306
313588
313589
313598
313603
313612
313625
313627
313985
314253
314254
314255
314262
314263
314264
314266
314270
314277
314281
314282
314287
314344
314607
314722
315405
316
316068
316277
316278
316279
316997
317
31909
31971
31998
32025
32046
32049
32051
321327
324057
326319
326320
327160
327275
328814
329
329854
33
330214
33024
33029
33031
33032
33033
33034
33036
33037
33043
33045
33059
33072
33075
330922
331869
332056
332163
332249
332410
333990
334543
334771
336261
336810
337
337090
338188
338192
338565
33871
339
33903
33910
339268
33934
33940
33941
33943
33952
33959
33964
33970
33990
33996
34
34018
34021
34029
34038
34073
34085
34090
34105
341694
342948
342949
344736
346
347
349106
349221
351016
351052
351091
351604
354
354356
35554
35619
35701
357276
35758
357794
357808
35786
35797
358
35818
35830
35833
358766
359303
359408
359519
360293
360807
360911
361101
361575
362787
363277
364317
364410
366602
367189
367336
367488
36809
36814
36861
36873
370405
371601
371731
373
37329
37372
374838
37487
375
375286
3754
375929
37636
376805
37692
37734
378211
378548
379067
379097
37919
379547
380
380021
380397
380749
381
382
382464
38284
38288
38289
38293
38300
38304
38323
383631
384
385067
386414
386487
387090
387092
387093
387343
388401
388408
388413
388739
39152
391574
391589
391593
391596
391597
391598
391600
391603
391612
391613
391615
392484
393662
39483
39485
39486
39488
39491
39492
39496
395922
395961
39645
396595
39669
397288
39765
39766
39768
39777
39778
39791
398743
39960
399742
400668
40137
401619
40214
40215
40216
40269
40324
404011
404236
404589
405
40518
405212
40542
40545
40567
40576
406124
408
408580
408672
41
410072
410330
411153
411489
412597
412963
413810
413888
413889
414
414778
415229
419005
421
423351
423605
42443
426
426117
427923
427926
42838
42862
428712
42879
43080
430914
43305
435842
436
436114
43661
43663
43669
43674
43675
43687
43765
43767
43768
43770
43771
438
43948
439493
439496
439497
43988
43989
43997
44001
44012
442
443143
443144
44449
444612
446
4496
450
453230
45361
454155
455436
456327
45634
456455
45658
45663
457396
457398
457412
457421
458033
45851
46124
46125
461876
46228
46354
46429
46503
46506
46541
465541
467210
467661
469
469595
469596
469613
470
47055
470934
471
471223
471825
471827
473531
475088
47671
47678
47687
47715
477693
47770
477976
47850
47880
480
483
484
485
486
487
487175
487796
487797
488
488939
489
48935
490
49082
49118
49319
49338
495
497965
498846
499229
500
50052
501479
502
502558
50339
504
505
506534
50743
507750
51047
511062
51123
511435
511746
51197
51229
513050
51589
51669
517433
517722
520
52022
521
52226
52227
52584
52603
52765
529
531
531813
531844
533
53358
53363
53399
53435
53443
53461
536
53633
53635
539
53953
54005
54120
542
54248
54252
54254
54261
545
547
54736
548
549169
550
55148
551760
55197
552
55205
55206
55208
55218
552396
552398
552810
553
553611
554
55601
556261
556263
556287
55802
56
562
563037
563038
563177
56426
565045
56636
566466
56812
56877
570267
57029
571
573569
573658
57372
576610
57705
580165
58051
58135
58138
58180
58290
584
587
588
591158
59196
592316
593909
59600
59610
59748
59754
59840
59931
60133
60217
60478
60552
60847
60890
60893
60920
60961
61171
61435
61624
61645
618
62088
62140
62153
622637
62320
62322
624186
626929
626930
626938
626940
627192
628
62928
62977
630
633
633131
63363
63612
63745
638849
639313
640510
640511
640512
641148
64160
64178
644
644076
644281
64471
644968
645
645465
648
64897
649739
649746
65
65058
651183
651457
651609
652706
652708
652713
652715
652716
652721
65393
654
65553
655809
656024
656088
656519
657323
658062
658655
658659
65959
661
662
66219
663
666
666684
668
668331
669
670
671224
671228
671229
671230
672
67299
673
674
67760
67780
67825
67854
68213
68280
684719
68891
68892
68909
69042
69218
69499
69710
69823
699192
69966
7
701175
702113
706435
70771
70799
70863
70864
709797
710239
712117
712124
712414
712430
712535
712620
712630
712985
713008
713887
714
715
715451
71667
717609
717785
71995
72
72000
72174
721785
723
72556
726
727
729
730
731
732
738
739
73913
73919
74109
741091
742723
74313
74318
743722
74426
744979
744980
747
750
754
755731
756883
75985
759851
76122
76517
767892
76860
76887
76891
769
770
77022
77095
774
77643
777
779
780
782
78258
78259
78342
784
785
78587
786
788
79329
795359
79880
79885
79967
803
80816
80849
80866
80869
80880
81028
81032
813
81412
81462
81468
816
817
818
820
82076
82135
82203
823
824
826
82996
830
831
83171
833
83406
83552
83554
83555
83556
83557
83558
83560
83561
836
83683
837
83816
839
83984
84026
84030
84096
84109
84110
84112
84135
84156
84159
84163
84205
84377
84378
844
84405
84588
84590
84595
84599
84647
847
84757
848
849
84980
850
85085
851
853
856
85643
85683
85698
85701
85991
860
861
861208
86170
862751
863
86304
863643
86662
86665
868131
870
870903
873
875328
876
876044
877455
878
87883
880
88058
881
88132
884215
88431
884684
88688
88916
891
89153
89184
891974
894
89404
899
9
901
905
907
908340
908612
911092
912
913
91464
915
916
920
921
926
927
92945
929558
930166
936456
936476
93930
940
940614
940615
94132
94254
944
944547
944559
945
945692
94624
94625
948
950
951
9539
95486
959
96345
964
97084
97393
979
984
985
985052
986
991904
996
997346
998084
999141
